48.26948;4.06575;02270635
48.26939;4.06572;02270735
48.26971;4.06644;02270835
48.26963;4.06648;02270935
48.26962;4.06650;02271000
48.26962;4.06645;02271100
48.26962;4.06645;02271100
48.26968;4.06636;02271300
48.26968;4.06636;02271300
48.26971;4.06637;02271500
48.26972;4.06639;02271600
48.26973;4.06640;02271700
48.26974;4.06640;02271800
48.26975;4.06639;02271900
48.26977;4.06638;02272000
48.26979;4.06637;02272100
48.26980;4.06638;02272200
48.26980;4.06639;02272400
48.26979;4.06639;02272500
48.26979;4.06639;02272500
48.26980;4.06639;2106132272900
48.26981;4.06639;2106132273000
48.26983;4.06637;2106132273200
48.26984;4.06635;2106132273300
48.26985;4.06634;2106132273400
48.26987;4.06631;2106132273600
48.26987;4.06628;2106132273700
48.26987;4.06625;2106132273800
48.26987;4.06625;2106132273800
48.26989;4.06621;2106132274000
48.26989;4.06619;2106132274100
48.26989;4.06618;2106132274200
48.26989;4.06617;2106132274400
48.26990;4.06616;2106132274500
48.26991;4.06614;2106132274600
48.26992;4.06612;2106132274700
48.26992;4.06610;2106132274800
48.26993;4.06609;2106132274900
48.26994;4.06607;2106132275000
48.26994;4.06607;2106132275000
48.26995;4.06604;2106132275200
48.26996;4.06602;2106132275300
48.26996;4.06601;2106132275400
48.26997;4.06599;2106132275500
48.26998;4.06598;2106132275600
48.26998;4.06596;2106132275700
48.26999;4.06595;2106132275800
48.27000;4.06593;2106132275900
48.27001;4.06592;2106132280000
48.27002;4.06588;2106132280200
48.27002;4.06587;2106132280300
48.27003;4.06585;2106132280400
48.27004;4.06583;2106132280500
48.27005;4.06581;2106132280600
48.27005;4.06581;2106132280600
48.27007;4.06578;2106132280800
48.27008;4.06576;2106132280900
48.27009;4.06575;2106132281000
48.27010;4.06574;2106132281100
48.27010;4.06572;2106132281200
48.27010;4.06572;2106132281200
48.27012;4.06569;2106132281400
48.27013;4.06568;2106132281500
48.27014;4.06565;2106132281700
48.27016;4.06562;2106132281900
48.27017;4.06561;2106132282000
48.27018;4.06559;2106132282100
48.27019;4.06558;2106132282200
48.27019;4.06556;2106132282300
48.27020;4.06554;2106132282500
48.27020;4.06554;2106132282500
48.27022;4.06553;2106132282700
48.27022;4.06553;2106132282800
48.27022;4.06554;2106132282900
48.27022;4.06555;2106132283000
48.27021;4.06556;2106132283100
48.27021;4.06558;2106132283200
48.27021;4.06559;2106132283300
48.27019;4.06561;2106132283500
48.27019;4.06561;2106132283500
48.27017;4.06563;2106132283700
48.27017;4.06564;2106132283800
48.27016;4.06565;2106132283900
48.27015;4.06567;2106132284000
48.27014;4.06568;2106132284100
48.27014;4.06569;2106132284200
48.27013;4.06570;2106132284300
48.27012;4.06573;2106132284500
48.27012;4.06573;2106132284500
48.27010;4.06575;2106132284700
48.27010;4.06576;2106132284800
48.27009;4.06577;2106132284900
48.27009;4.06577;2106132284900
48.27009;4.06579;2106132285100
48.27008;4.06580;2106132285200
48.27008;4.06583;2106132285400
48.27006;4.06585;2106132285600
48.27005;4.06586;2106132285700
48.27004;4.06587;2106132285800
48.27003;4.06589;2106132290000
48.27003;4.06589;2106132290000
48.27002;4.06592;2106132290200
48.27001;4.06593;2106132290300
48.27000;4.06595;2106132290400
48.27000;4.06595;2106132290400
48.26999;4.06598;2106132290600
48.26998;4.06599;2106132290700
48.26997;4.06600;2106132290800
48.26997;4.06600;2106132290800
48.26996;4.06603;2106132291000
48.26996;4.06603;2106132291000
48.26995;4.06605;2106132291200
48.26994;4.06606;2106132291300
48.26994;4.06607;2106132291400
48.26993;4.06608;2106132291500
48.26993;4.06609;2106132291600
48.26993;4.06611;2106132291700
48.26992;4.06612;2106132291800
48.26992;4.06613;2106132291900
48.26991;4.06616;2106132292100
48.26989;4.06619;2106132292300
48.26987;4.06622;2106132292500
48.26985;4.06623;2106132292700
